[MusicConfig]
Location=143939 Painty the Pirate & Kids - SpongeBob SquarePants Theme/The Pirate and Kids.mp3
Extension=mp3
MD5=df‌​bb‌​30‌​43‌​48‌​ee‌​2c‌​d2‌​68‌​96‌​95‌​d5‌​80‌​7b‌​2f‌​9c
Source=OSU
MetreNumber=4
Title=SpongeBob SquarePants Theme
[TagConfig]
Tagger=Carra
Time=2016/8/15 16:34:39
Confidence=1
[MiscConfig]
LinkedFile=143939 Painty the Pirate & Kids - SpongeBob SquarePants Theme/Painty the Pirate & Kids - SpongeBob SquarePants Theme (S o a p) [Hard].osu
[BeatInfo]
Count=92
Beat_0={1.196,1,?,N}
Beat_1={1.695583680266445,0,?,N}
Beat_2={2.19516736053289,0,?,N}
Beat_3={2.6947510407993347,1,?,N}
Beat_4={3.1943347210657795,0,?,N}
Beat_5={3.6939184013322244,0,?,N}
Beat_6={4.19350208159867,1,?,N}
Beat_7={4.6930857618651149,0,?,N}
Beat_8={5.19266944213156,0,?,N}
Beat_9={5.6922531223980055,1,?,N}
Beat_10={6.1918368026644508,0,?,N}
Beat_11={6.6914204829308961,0,?,N}
Beat_12={7.1910041631973414,1,?,N}
Beat_13={7.6905878434637867,0,?,N}
Beat_14={8.1901715237302319,0,?,N}
Beat_15={8.6897552039966772,1,?,N}
Beat_16={9.1893388842631225,0,?,N}
Beat_17={9.6889225645295678,0,?,N}
Beat_18={10.188506244796013,1,?,N}
Beat_19={10.688089925062458,0,?,N}
Beat_20={11.187673605328904,0,?,N}
Beat_21={11.687257285595349,1,?,N}
Beat_22={12.186840965861794,0,?,N}
Beat_23={12.68642464612824,0,?,N}
Beat_24={13.186008326394685,1,?,N}
Beat_25={13.68559200666113,0,?,N}
Beat_26={14.185175686927575,0,?,N}
Beat_27={14.684759367194021,1,?,N}
Beat_28={15.184343047460466,0,?,N}
Beat_29={15.683926727726911,0,?,N}
Beat_30={16.183510407993356,1,?,N}
Beat_31={16.6830940882598,0,?,N}
Beat_32={17.182677768526244,0,?,N}
Beat_33={17.682261448792687,1,?,N}
Beat_34={18.181845129059131,0,?,N}
Beat_35={18.681428809325574,0,?,N}
Beat_36={19.181012489592018,1,?,N}
Beat_37={19.680596169858461,0,?,N}
Beat_38={20.180179850124905,0,?,N}
Beat_39={20.679763530391348,1,?,N}
Beat_40={21.179347210657792,0,?,N}
Beat_41={21.678930890924235,0,?,N}
Beat_42={22.178514571190679,1,?,N}
Beat_43={22.678098251457122,0,?,N}
Beat_44={23.195,1,?,N}
Beat_45={23.694583680266444,0,?,N}
Beat_46={24.194167360532887,0,?,N}
Beat_47={24.693751040799331,1,?,N}
Beat_48={25.193334721065774,0,?,N}
Beat_49={25.692918401332218,0,?,N}
Beat_50={26.192502081598661,1,?,N}
Beat_51={26.692085761865105,0,?,N}
Beat_52={27.174,1,?,N}
Beat_53={27.682474576271186,0,?,N}
Beat_54={28.190949152542373,0,?,N}
Beat_55={28.69942372881356,1,?,N}
Beat_56={29.207,1,?,N}
Beat_57={29.705183680266444,0,?,N}
Beat_58={30.203367360532887,0,?,N}
Beat_59={30.70155104079933,1,?,N}
Beat_60={31.199,1,?,N}
Beat_61={31.690083680266447,0,?,N}
Beat_62={32.181167360532889,0,?,N}
Beat_63={32.672251040799331,1,?,N}
Beat_64={33.163,1,?,N}
Beat_65={33.67652051282051,0,?,N}
Beat_66={34.190041025641023,0,?,N}
Beat_67={34.703561538461535,1,?,N}
Beat_68={35.214,1,?,N}
Beat_69={35.700795918367348,0,?,N}
Beat_70={36.1875918367347,0,?,N}
Beat_71={36.674387755102046,1,?,N}
Beat_72={37.161183673469395,0,?,N}
Beat_73={37.647979591836744,0,?,N}
Beat_74={38.134,1,?,N}
Beat_75={38.599795918367349,0,?,N}
Beat_76={39.065,1,?,N}
Beat_77={39.541190476190472,0,?,N}
Beat_78={39.838,1,?,N}
Beat_79={40.016,1,?,N}
Beat_80={40.492190476190473,0,?,N}
Beat_81={40.968380952380947,0,?,N}
Beat_82={41.444571428571422,1,?,N}
Beat_83={41.920761904761896,0,?,N}
Beat_84={42.396952380952371,0,?,N}
Beat_85={42.873142857142845,1,?,N}
Beat_86={43.34933333333332,0,?,N}
Beat_87={43.825523809523794,0,?,N}
Beat_88={44.301714285714269,1,?,N}
Beat_89={44.777904761904743,0,?,N}
Beat_90={45.254095238095218,0,?,N}
Beat_91={45.730285714285692,1,?,N}
