[MusicConfig]
Location=278395 Hatsuki Yura - TRICK or TREAT/TRICK or TREAT - .mp3
Extension=mp3
MD5=27‌​24‌​7d‌​d1‌​09‌​c6‌​2c‌​d1‌​36‌​d0‌​c7‌​56‌​ed‌​2b‌​c5‌​c9
Source=OSU
MetreNumber=4
Title=TRICK or TREAT
[TagConfig]
Tagger=Carra
Time=2016/8/15 16:34:40
Confidence=1
[MiscConfig]
LinkedFile=278395 Hatsuki Yura - TRICK or TREAT/Hatsuki Yura - TRICK or TREAT (Kagamine Ren) [Crystal's Trick].osu
[BeatInfo]
Count=69
Beat_0={0.147,1,?,N}
Beat_1={0.71303773584905694,0,?,N}
Beat_2={1.2790754716981139,0,?,N}
Beat_3={1.8451132075471708,0,?,N}
Beat_4={2.4111509433962279,0,?,N}
Beat_5={2.9771886792452849,0,?,N}
Beat_6={3.5432264150943418,0,?,N}
Beat_7={4.1092641509433987,0,?,N}
Beat_8={4.6753018867924556,1,?,N}
Beat_9={5.2413396226415125,0,?,N}
Beat_10={5.8073773584905695,0,?,N}
Beat_11={6.3734150943396264,0,?,N}
Beat_12={6.9394528301886833,0,?,N}
Beat_13={7.50549056603774,0,?,N}
Beat_14={8.0715283018867972,0,?,N}
Beat_15={8.637566037735855,0,?,N}
Beat_16={9.2036037735849128,1,?,N}
Beat_17={9.76964150943397,0,?,N}
Beat_18={10.335679245283028,0,?,N}
Beat_19={10.901716981132086,0,?,N}
Beat_20={11.467754716981144,0,?,N}
Beat_21={12.033792452830202,0,?,N}
Beat_22={12.59983018867926,0,?,N}
Beat_23={13.165867924528317,0,?,N}
Beat_24={13.731905660377375,1,?,N}
Beat_25={14.297943396226433,0,?,N}
Beat_26={14.863981132075491,0,?,N}
Beat_27={15.430018867924549,0,?,N}
Beat_28={15.996056603773607,0,?,N}
Beat_29={16.562094339622664,0,?,N}
Beat_30={17.128132075471722,0,?,N}
Beat_31={17.69416981132078,0,?,N}
Beat_32={18.260207547169838,1,?,N}
Beat_33={18.826245283018896,0,?,N}
Beat_34={19.392283018867953,0,?,N}
Beat_35={19.958320754717011,0,?,N}
Beat_36={20.524358490566069,0,?,N}
Beat_37={21.090396226415127,0,?,N}
Beat_38={21.656433962264185,0,?,N}
Beat_39={22.222471698113242,0,?,N}
Beat_40={22.7885094339623,1,?,N}
Beat_41={23.354547169811358,0,?,N}
Beat_42={23.920584905660416,0,?,N}
Beat_43={24.486622641509474,0,?,N}
Beat_44={25.052660377358531,0,?,N}
Beat_45={25.618698113207589,0,?,N}
Beat_46={26.184735849056647,0,?,N}
Beat_47={26.750773584905705,0,?,N}
Beat_48={27.316811320754763,1,?,N}
Beat_49={27.882849056603821,0,?,N}
Beat_50={28.448886792452878,0,?,N}
Beat_51={29.014924528301936,0,?,N}
Beat_52={29.580962264150994,0,?,N}
Beat_53={30.147000000000052,0,?,N}
Beat_54={30.71303773584911,0,?,N}
Beat_55={31.279075471698167,0,?,N}
Beat_56={31.845113207547225,1,?,N}
Beat_57={32.411150943396279,0,?,N}
Beat_58={32.977188679245337,0,?,N}
Beat_59={33.543226415094395,0,?,N}
Beat_60={34.109264150943453,0,?,N}
Beat_61={34.675301886792511,0,?,N}
Beat_62={35.241339622641568,0,?,N}
Beat_63={35.807377358490626,0,?,N}
Beat_64={36.373415094339684,1,?,N}
Beat_65={36.939452830188742,0,?,N}
Beat_66={37.5054905660378,0,?,N}
Beat_67={38.071528301886858,0,?,N}
Beat_68={38.637566037735915,0,?,N}
