[MusicConfig]
Location=303398 China Broadcast Children's Choir of National Radio - Di Hou Tian Gao/dihoutiangao.mp3
Extension=mp3
MD5=2b‌​b6‌​3e‌​df‌​04‌​5e‌​57‌​91‌​e6‌​96‌​b8‌​6a‌​ea‌​f9‌​6c‌​df
Source=OSU
MetreNumber=4
Title=Di Hou Tian Gao
[TagConfig]
Tagger=Carra
Time=2016/8/15 16:34:40
Confidence=1
[MiscConfig]
LinkedFile=303398 China Broadcast Children's Choir of National Radio - Di Hou Tian Gao/China Broadcast Children's Choir of National Radio - Di Hou Tian Gao (liangv587) [Hard].osu
[BeatInfo]
Count=97
Beat_0={0.397,1,?,N}
Beat_1={1.0199235880398669,0,?,N}
Beat_2={1.6428471760797341,0,?,N}
Beat_3={2.2657707641196012,0,?,N}
Beat_4={2.8886943521594683,1,?,N}
Beat_5={3.5116179401993355,0,?,N}
Beat_6={4.1345415282392022,0,?,N}
Beat_7={4.7574651162790689,0,?,N}
Beat_8={5.3803887043189356,1,?,N}
Beat_9={6.0033122923588023,0,?,N}
Beat_10={6.626235880398669,0,?,N}
Beat_11={7.2491594684385356,0,?,N}
Beat_12={7.8720830564784023,1,?,N}
Beat_13={8.49500664451827,0,?,N}
Beat_14={9.1179302325581375,0,?,N}
Beat_15={9.7408538205980051,0,?,N}
Beat_16={10.363777408637873,1,?,N}
Beat_17={10.98670099667774,0,?,N}
Beat_18={11.608,1,?,N}
Beat_19={12.230923588039868,0,?,N}
Beat_20={12.853847176079736,0,?,N}
Beat_21={13.476770764119603,0,?,N}
Beat_22={14.099694352159471,1,?,N}
Beat_23={14.722617940199338,0,?,N}
Beat_24={15.345541528239206,0,?,N}
Beat_25={15.968465116279074,0,?,N}
Beat_26={16.591388704318941,1,?,N}
Beat_27={17.214312292358809,0,?,N}
Beat_28={17.837235880398676,0,?,N}
Beat_29={18.460159468438544,0,?,N}
Beat_30={19.083083056478412,1,?,N}
Beat_31={19.706006644518279,0,?,N}
Beat_32={20.328930232558147,0,?,N}
Beat_33={20.951853820598014,0,?,N}
Beat_34={21.574777408637882,1,?,N}
Beat_35={22.197700996677749,0,?,N}
Beat_36={22.820624584717617,0,?,N}
Beat_37={23.443548172757485,0,?,N}
Beat_38={24.066471760797352,1,?,N}
Beat_39={24.68939534883722,0,?,N}
Beat_40={25.312318936877087,0,?,N}
Beat_41={25.935242524916955,0,?,N}
Beat_42={26.558166112956823,1,?,N}
Beat_43={27.18108970099669,0,?,N}
Beat_44={27.804013289036558,0,?,N}
Beat_45={28.426936877076425,0,?,N}
Beat_46={29.049860465116293,1,?,N}
Beat_47={29.67278405315616,0,?,N}
Beat_48={30.295707641196028,0,?,N}
Beat_49={30.918631229235896,0,?,N}
Beat_50={31.541554817275763,1,?,N}
Beat_51={32.164478405315627,0,?,N}
Beat_52={32.787,1,?,N}
Beat_53={33.409923588039867,0,?,N}
Beat_54={34.032847176079734,0,?,N}
Beat_55={34.6557707641196,0,?,N}
Beat_56={35.278694352159469,1,?,N}
Beat_57={35.901617940199337,0,?,N}
Beat_58={36.524541528239205,0,?,N}
Beat_59={37.147465116279072,0,?,N}
Beat_60={37.77038870431894,1,?,N}
Beat_61={38.393312292358807,0,?,N}
Beat_62={39.016235880398675,0,?,N}
Beat_63={39.639159468438542,0,?,N}
Beat_64={40.26208305647841,1,?,N}
Beat_65={40.885006644518278,0,?,N}
Beat_66={41.507930232558145,0,?,N}
Beat_67={42.130853820598013,0,?,N}
Beat_68={42.75377740863788,1,?,N}
Beat_69={43.376700996677748,0,?,N}
Beat_70={43.999624584717616,0,?,N}
Beat_71={44.622548172757483,0,?,N}
Beat_72={45.245471760797351,1,?,N}
Beat_73={45.868395348837218,0,?,N}
Beat_74={46.491318936877086,0,?,N}
Beat_75={47.114242524916953,0,?,N}
Beat_76={47.737166112956821,1,?,N}
Beat_77={48.360089700996689,0,?,N}
Beat_78={48.983013289036556,0,?,N}
Beat_79={49.605936877076424,0,?,N}
Beat_80={50.228860465116291,1,?,N}
Beat_81={50.851784053156159,0,?,N}
Beat_82={51.474707641196026,0,?,N}
Beat_83={52.097631229235894,0,?,N}
Beat_84={52.720554817275762,1,?,N}
Beat_85={53.343478405315629,0,?,N}
Beat_86={53.9664019933555,0,?,N}
Beat_87={54.589325581395364,0,?,N}
Beat_88={55.212249169435232,1,?,N}
Beat_89={55.8351727574751,0,?,N}
Beat_90={56.458096345514967,0,?,N}
Beat_91={57.081019933554835,0,?,N}
Beat_92={57.7039435215947,1,?,N}
Beat_93={58.32686710963457,0,?,N}
Beat_94={58.949790697674437,0,?,N}
Beat_95={59.572714285714305,0,?,N}
Beat_96={60.195637873754173,1,?,N}
