[MusicConfig]
Location=397990 toby fox - Tem Shop/Undertale OST- 044 - Tem Shop.mp3
Extension=mp3
MD5=93‌​b1‌​44‌​ec‌​06‌​c4‌​0a‌​ed‌​ec‌​6f‌​16‌​a7‌​c7‌​2a‌​71‌​a6
Source=OSU
MetreNumber=4
Title=Tem Shop
[TagConfig]
Tagger=Carra
Time=2016/8/15 16:34:40
Confidence=1
[MiscConfig]
LinkedFile=397990 toby fox - Tem Shop/toby fox - Tem Shop (-Faded-) [Advanced].osu
[BeatInfo]
Count=73
Beat_0={-0.026,1,?,N}
Beat_1={0.60227225130890094,0,?,N}
Beat_2={1.2305445026178019,0,?,N}
Beat_3={1.8588167539267029,0,?,N}
Beat_4={2.4870890052356041,1,?,N}
Beat_5={3.1153612565445048,0,?,N}
Beat_6={3.7436335078534055,0,?,N}
Beat_7={4.3719057591623063,0,?,N}
Beat_8={5.000178010471207,1,?,N}
Beat_9={5.6284502617801078,0,?,N}
Beat_10={6.2567225130890085,0,?,N}
Beat_11={6.8849947643979093,0,?,N}
Beat_12={7.51326701570681,1,?,N}
Beat_13={8.14153926701571,0,?,N}
Beat_14={8.7698115183246124,0,?,N}
Beat_15={9.398083769633514,0,?,N}
Beat_16={10.026356020942416,1,?,N}
Beat_17={10.654628272251317,0,?,N}
Beat_18={11.282900523560219,0,?,N}
Beat_19={11.911172774869121,0,?,N}
Beat_20={12.539445026178022,1,?,N}
Beat_21={13.167717277486924,0,?,N}
Beat_22={13.795989528795825,0,?,N}
Beat_23={14.424261780104727,0,?,N}
Beat_24={15.052534031413629,1,?,N}
Beat_25={15.68080628272253,0,?,N}
Beat_26={16.309078534031432,0,?,N}
Beat_27={16.937350785340332,0,?,N}
Beat_28={17.565623036649232,1,?,N}
Beat_29={18.193895287958131,0,?,N}
Beat_30={18.822167539267031,0,?,N}
Beat_31={19.450439790575931,0,?,N}
Beat_32={20.078712041884831,1,?,N}
Beat_33={20.706984293193731,0,?,N}
Beat_34={21.335256544502631,0,?,N}
Beat_35={21.963528795811531,0,?,N}
Beat_36={22.59180104712043,1,?,N}
Beat_37={23.22007329842933,0,?,N}
Beat_38={23.84834554973823,0,?,N}
Beat_39={24.47661780104713,0,?,N}
Beat_40={25.10489005235603,1,?,N}
Beat_41={25.73316230366493,0,?,N}
Beat_42={26.36143455497383,0,?,N}
Beat_43={26.989706806282729,0,?,N}
Beat_44={27.617979057591629,1,?,N}
Beat_45={28.246251308900529,0,?,N}
Beat_46={28.874523560209429,0,?,N}
Beat_47={29.502795811518329,0,?,N}
Beat_48={30.131068062827229,1,?,N}
Beat_49={30.759340314136129,0,?,N}
Beat_50={31.387612565445028,0,?,N}
Beat_51={32.015884816753932,0,?,N}
Beat_52={32.644157068062832,1,?,N}
Beat_53={33.272429319371732,0,?,N}
Beat_54={33.900701570680631,0,?,N}
Beat_55={34.528973821989531,0,?,N}
Beat_56={35.157246073298431,1,?,N}
Beat_57={35.785518324607331,0,?,N}
Beat_58={36.413790575916231,0,?,N}
Beat_59={37.042062827225131,0,?,N}
Beat_60={37.670335078534031,1,?,N}
Beat_61={38.29860732984293,0,?,N}
Beat_62={38.92687958115183,0,?,N}
Beat_63={39.55515183246073,0,?,N}
Beat_64={40.18342408376963,1,?,N}
Beat_65={40.81169633507853,0,?,N}
Beat_66={41.43996858638743,0,?,N}
Beat_67={42.068240837696329,0,?,N}
Beat_68={42.696513089005229,1,?,N}
Beat_69={43.324785340314129,0,?,N}
Beat_70={43.953057591623029,0,?,N}
Beat_71={44.581329842931929,0,?,N}
Beat_72={45.209602094240829,1,?,N}
