[MusicConfig]
Location=397990 toby fox - Tem Shop/Undertale OST- 044 - Tem Shop.mp3
Extension=mp3
MD5=93‌​b1‌​44‌​ec‌​06‌​c4‌​0a‌​ed‌​ec‌​6f‌​16‌​a7‌​c7‌​2a‌​71‌​a6
Source=OSU
MetreNumber=4
Title=Tem Shop
[TagConfig]
Tagger=Carra
Time=2017/3/20 21:59:29
Confidence=1
[MiscConfig]
LinkedFile=397990 toby fox - Tem Shop/toby fox - Tem Shop (-Faded-) [Advanced].osu
osuMapID=397990
[BeatInfo]
Count=73
Beat_0={-0.026,1,?,N}
Beat_1={0.60227225130890094,0,?,N}
Beat_2={1.2305445026178019,0,?,N}
Beat_3={1.8588167539267029,0,?,N}
Beat_4={2.4870890052356041,1,?,N}
Beat_5={3.1153612565445048,0,?,N}
Beat_6={3.743633507853406,0,?,N}
Beat_7={4.3719057591623072,0,?,N}
Beat_8={5.0001780104712079,1,?,N}
Beat_9={5.6284502617801087,0,?,N}
Beat_10={6.2567225130890094,0,?,N}
Beat_11={6.884994764397911,0,?,N}
Beat_12={7.5132670157068118,1,?,N}
Beat_13={8.1415392670157125,0,?,N}
Beat_14={8.7698115183246141,0,?,N}
Beat_15={9.398083769633514,0,?,N}
Beat_16={10.026356020942416,1,?,N}
Beat_17={10.654628272251317,0,?,N}
Beat_18={11.282900523560217,0,?,N}
Beat_19={11.911172774869119,0,?,N}
Beat_20={12.539445026178019,1,?,N}
Beat_21={13.16771727748692,0,?,N}
Beat_22={13.795989528795822,0,?,N}
Beat_23={14.424261780104722,0,?,N}
Beat_24={15.052534031413623,1,?,N}
Beat_25={15.680806282722525,0,?,N}
Beat_26={16.309078534031425,0,?,N}
Beat_27={16.937350785340325,0,?,N}
Beat_28={17.565623036649228,1,?,N}
Beat_29={18.193895287958128,0,?,N}
Beat_30={18.822167539267028,0,?,N}
Beat_31={19.450439790575931,0,?,N}
Beat_32={20.078712041884831,1,?,N}
Beat_33={20.706984293193731,0,?,N}
Beat_34={21.335256544502634,0,?,N}
Beat_35={21.963528795811534,0,?,N}
Beat_36={22.591801047120434,1,?,N}
Beat_37={23.220073298429337,0,?,N}
Beat_38={23.848345549738237,0,?,N}
Beat_39={24.476617801047137,0,?,N}
Beat_40={25.104890052356037,1,?,N}
Beat_41={25.73316230366494,0,?,N}
Beat_42={26.36143455497384,0,?,N}
Beat_43={26.98970680628274,0,?,N}
Beat_44={27.617979057591644,1,?,N}
Beat_45={28.246251308900543,0,?,N}
Beat_46={28.874523560209443,0,?,N}
Beat_47={29.502795811518347,0,?,N}
Beat_48={30.131068062827246,1,?,N}
Beat_49={30.759340314136146,0,?,N}
Beat_50={31.38761256544505,0,?,N}
Beat_51={32.015884816753946,0,?,N}
Beat_52={32.644157068062846,1,?,N}
Beat_53={33.272429319371746,0,?,N}
Beat_54={33.900701570680646,0,?,N}
Beat_55={34.528973821989553,0,?,N}
Beat_56={35.157246073298452,1,?,N}
Beat_57={35.785518324607352,0,?,N}
Beat_58={36.413790575916252,0,?,N}
Beat_59={37.042062827225152,0,?,N}
Beat_60={37.670335078534052,1,?,N}
Beat_61={38.298607329842959,0,?,N}
Beat_62={38.926879581151859,0,?,N}
Beat_63={39.555151832460758,0,?,N}
Beat_64={40.183424083769658,1,?,N}
Beat_65={40.811696335078558,0,?,N}
Beat_66={41.439968586387458,0,?,N}
Beat_67={42.068240837696358,0,?,N}
Beat_68={42.696513089005265,1,?,N}
Beat_69={43.324785340314165,0,?,N}
Beat_70={43.953057591623065,0,?,N}
Beat_71={44.581329842931964,0,?,N}
Beat_72={45.209602094240864,1,?,N}
