[MusicConfig]
Location=434096 toby fox - Start Menu/audio.mp3
Extension=mp3
MD5=53‌​3e‌​d8‌​eb‌​3d‌​a6‌​9d‌​d6‌​74‌​62‌​d1‌​51‌​80‌​41‌​86‌​02
Source=OSU
MetreNumber=4
Title=Start Menu
[TagConfig]
Tagger=Carra
Time=2016/8/15 16:34:40
Confidence=0
[MiscConfig]
LinkedFile=434096 toby fox - Start Menu/toby fox - Start Menu (DaxMasterix) [Easy].osu
osuMapID=434096
[BeatInfo]
Count=49
Beat_0={0.09,1,?,N}
Beat_1={0.75607460035524,0,?,N}
Beat_2={1.42214920071048,0,?,N}
Beat_3={2.0882238010657197,0,?,N}
Beat_4={2.75429840142096,1,?,N}
Beat_5={3.4203730017762,0,?,N}
Beat_6={4.08644760213144,0,?,N}
Beat_7={4.7525222024866807,0,?,N}
Beat_8={5.4185968028419209,1,?,N}
Beat_9={6.0846714031971612,0,?,N}
Beat_10={6.7507460035524014,0,?,N}
Beat_11={7.4168206039076416,0,?,N}
Beat_12={8.082895204262881,1,?,N}
Beat_13={8.74896980461812,0,?,N}
Beat_14={9.41504440497336,0,?,N}
Beat_15={10.081119005328599,0,?,N}
Beat_16={10.747193605683838,1,?,N}
Beat_17={11.413268206039078,0,?,N}
Beat_18={12.079342806394317,0,?,N}
Beat_19={12.745417406749557,0,?,N}
Beat_20={13.411492007104796,1,?,N}
Beat_21={14.077566607460035,0,?,N}
Beat_22={14.743641207815275,0,?,N}
Beat_23={15.409715808170514,0,?,N}
Beat_24={16.075790408525755,1,?,N}
Beat_25={16.741865008880996,0,?,N}
Beat_26={17.407939609236237,0,?,N}
Beat_27={18.074014209591478,0,?,N}
Beat_28={18.74008880994672,1,?,N}
Beat_29={19.406163410301961,0,?,N}
Beat_30={20.072238010657202,0,?,N}
Beat_31={20.738312611012443,0,?,N}
Beat_32={21.404387211367684,1,?,N}
Beat_33={22.070461811722925,0,?,N}
Beat_34={22.736536412078166,0,?,N}
Beat_35={23.402611012433407,0,?,N}
Beat_36={24.068685612788649,1,?,N}
Beat_37={24.73476021314389,0,?,N}
Beat_38={25.400834813499131,0,?,N}
Beat_39={26.066909413854372,0,?,N}
Beat_40={26.732984014209613,1,?,N}
Beat_41={27.399058614564854,0,?,N}
Beat_42={28.065133214920095,0,?,N}
Beat_43={28.731207815275337,0,?,N}
Beat_44={29.397282415630578,1,?,N}
Beat_45={30.063357015985819,0,?,N}
Beat_46={30.72943161634106,0,?,N}
Beat_47={31.3955062166963,0,?,N}
Beat_48={32.061580817051542,1,?,N}
