[MusicConfig]
Location=437904 bradbreeck - Fury Heart/fury.mp3
Extension=mp3
MD5=df‌​46‌​00‌​2b‌​3c‌​e8‌​24‌​e0‌​59‌​8a‌​28‌​d4‌​e6‌​82‌​b8‌​a9
Source=OSU
MetreNumber=4
Title=Fury Heart
[TagConfig]
Tagger=Carra
Time=2017/3/20 22:20:47
Confidence=1
[MiscConfig]
LinkedFile=437904 bradbreeck - Fury Heart/bradbreeck - Fury Heart (Underforest) [Easy].osu
osuMapID=437904
[BeatInfo]
Count=74
Beat_0={0.41,1,?,N}
Beat_1={0.96045871559633,0,?,N}
Beat_2={1.5109174311926599,0,?,N}
Beat_3={2.06137614678899,0,?,N}
Beat_4={2.61183486238532,1,?,N}
Beat_5={3.16229357798165,0,?,N}
Beat_6={3.7127522935779798,0,?,N}
Beat_7={4.2632110091743094,0,?,N}
Beat_8={4.81366972477064,1,?,N}
Beat_9={5.36412844036697,0,?,N}
Beat_10={5.9145871559633,0,?,N}
Beat_11={6.46504587155963,0,?,N}
Beat_12={7.0155045871559594,1,?,N}
Beat_13={7.56596330275229,0,?,N}
Beat_14={8.1164220183486186,0,?,N}
Beat_15={8.66688073394495,0,?,N}
Beat_16={9.21733944954128,1,?,N}
Beat_17={9.76779816513761,0,?,N}
Beat_18={10.318256880733939,0,?,N}
Beat_19={10.86871559633027,0,?,N}
Beat_20={11.4191743119266,1,?,N}
Beat_21={11.96963302752293,0,?,N}
Beat_22={12.520091743119259,0,?,N}
Beat_23={13.070550458715589,0,?,N}
Beat_24={13.621009174311919,1,?,N}
Beat_25={14.17146788990825,0,?,N}
Beat_26={14.72192660550458,0,?,N}
Beat_27={15.272385321100909,0,?,N}
Beat_28={15.822844036697239,1,?,N}
Beat_29={16.373302752293569,0,?,N}
Beat_30={16.9237614678899,0,?,N}
Beat_31={17.474220183486228,0,?,N}
Beat_32={18.024678899082559,1,?,N}
Beat_33={18.575137614678891,0,?,N}
Beat_34={19.125596330275219,0,?,N}
Beat_35={19.67605504587155,0,?,N}
Beat_36={20.226513761467878,1,?,N}
Beat_37={20.776972477064209,0,?,N}
Beat_38={21.327431192660541,0,?,N}
Beat_39={21.877889908256869,0,?,N}
Beat_40={22.4283486238532,1,?,N}
Beat_41={22.978807339449528,0,?,N}
Beat_42={23.529266055045859,0,?,N}
Beat_43={24.079724770642191,0,?,N}
Beat_44={24.630183486238518,1,?,N}
Beat_45={25.18064220183485,0,?,N}
Beat_46={25.731100917431178,0,?,N}
Beat_47={26.281559633027509,0,?,N}
Beat_48={26.832018348623837,1,?,N}
Beat_49={27.382477064220168,0,?,N}
Beat_50={27.9329357798165,0,?,N}
Beat_51={28.483394495412828,0,?,N}
Beat_52={29.033853211009159,1,?,N}
Beat_53={29.584311926605487,0,?,N}
Beat_54={30.134770642201818,0,?,N}
Beat_55={30.68522935779815,0,?,N}
Beat_56={31.235688073394478,1,?,N}
Beat_57={31.786146788990809,0,?,N}
Beat_58={32.336605504587133,0,?,N}
Beat_59={32.887064220183468,0,?,N}
Beat_60={33.437522935779796,1,?,N}
Beat_61={33.987981651376124,0,?,N}
Beat_62={34.538440366972452,0,?,N}
Beat_63={35.088899082568787,0,?,N}
Beat_64={35.639357798165115,1,?,N}
Beat_65={36.189816513761443,0,?,N}
Beat_66={36.740275229357778,0,?,N}
Beat_67={37.290733944954106,0,?,N}
Beat_68={37.841192660550433,1,?,N}
Beat_69={38.391651376146761,0,?,N}
Beat_70={38.942110091743096,0,?,N}
Beat_71={39.492568807339424,0,?,N}
Beat_72={40.043027522935752,1,?,N}
Beat_73={40.593486238532087,0,?,N}
