[MusicConfig]
Location=477888 toby fox - mus_star/mus_star.mp3
Extension=mp3
MD5=8e‌​7b‌​b8‌​33‌​74‌​ab‌​41‌​fe‌​8c‌​e6‌​01‌​af‌​3c‌​11‌​82‌​d1
Source=OSU
MetreNumber=4
Title=mus_star
[TagConfig]
Tagger=Carra
Time=2016/8/15 16:34:40
Confidence=0
[MiscConfig]
LinkedFile=477888 toby fox - mus_star/toby fox - mus_star (CookieBite) [diff_easy].osu
osuMapID=477888
[BeatInfo]
Count=49
Beat_0={0.093,1,?,N}
Beat_1={1.0453809523809521,0,?,N}
Beat_2={1.9977619047619042,1,?,N}
Beat_3={2.9501428571428563,0,?,N}
Beat_4={3.9025238095238084,1,?,N}
Beat_5={4.85490476190476,0,?,N}
Beat_6={5.8072857142857117,1,?,N}
Beat_7={6.7596666666666634,0,?,N}
Beat_8={7.712047619047615,1,?,N}
Beat_9={8.6644285714285676,0,?,N}
Beat_10={9.61680952380952,1,?,N}
Beat_11={10.569190476190473,0,?,N}
Beat_12={11.521571428571425,1,?,N}
Beat_13={12.473952380952378,0,?,N}
Beat_14={13.42633333333333,1,?,N}
Beat_15={14.378714285714283,0,?,N}
Beat_16={15.331095238095235,1,?,N}
Beat_17={16.283476190476186,0,?,N}
Beat_18={17.235857142857139,1,?,N}
Beat_19={18.188238095238091,0,?,N}
Beat_20={19.140619047619044,1,?,N}
Beat_21={20.092999999999996,0,?,N}
Beat_22={21.045380952380949,1,?,N}
Beat_23={21.9977619047619,0,?,N}
Beat_24={22.950142857142854,1,?,N}
Beat_25={23.902523809523807,0,?,N}
Beat_26={24.854904761904759,1,?,N}
Beat_27={25.807285714285712,0,?,N}
Beat_28={26.759666666666664,1,?,N}
Beat_29={27.712047619047617,0,?,N}
Beat_30={28.664428571428569,1,?,N}
Beat_31={29.616809523809522,0,?,N}
Beat_32={30.569190476190474,1,?,N}
Beat_33={31.521571428571427,0,?,N}
Beat_34={32.473952380952376,1,?,N}
Beat_35={33.426333333333325,0,?,N}
Beat_36={34.378714285714274,1,?,N}
Beat_37={35.331095238095223,0,?,N}
Beat_38={36.283476190476172,1,?,N}
Beat_39={37.235857142857121,0,?,N}
Beat_40={38.18823809523807,1,?,N}
Beat_41={39.140619047619019,0,?,N}
Beat_42={40.092999999999968,1,?,N}
Beat_43={41.045380952380917,0,?,N}
Beat_44={41.997761904761866,1,?,N}
Beat_45={42.950142857142815,0,?,N}
Beat_46={43.902523809523764,1,?,N}
Beat_47={44.854904761904713,0,?,N}
Beat_48={45.807285714285662,1,?,N}
